############### Colors codes for plotting ######################
# cancer type color code in the same order as cancer types
cancer_type_palette <- c("#702963", "#808080", "#B4C424", "#98FB98", "#228B22", 
                         "#008080", "#000080", "#40E0D0", "#87CEEB", "#FFB6C1", 
                         "#FF00FF", "#F33A6A", "#36454F", "#6F8FAF", "#A95C68", 
                         "#C38E96", "#8A9A5B", "#8B0000", "#FFC000", "#80461B", 
                         "#E49B0F", "#C2B280", "#EE4B2B")

# colors for direct cohort comparison (#F58134 = PCAWG, #9966CC = HMF)
cohort_colors <- c("#F58134", "#9966CC")